Núcleos disponibles: 24, repeticiones por medición: 5, tiempos promedio en ms
         N |          1 |          2 |          4 |          8 |         16
     10000 |      0.319 |      0.301 |      0.204 |      0.301 |      0.251
    100000 |      6.229 |       6.58 |      3.419 |      2.444 |      1.786
   1000000 |    176.925 |      67.82 |     52.006 |     32.671 |     20.964
   2000000 |    351.632 |     174.99 |    106.985 |     67.887 |     52.097
Núcleos disponibles: 24, repeticiones por medición: 5, tiempos promedio en ms
         N |         16 |         24 |         32 |         48 |         64
   1000000 |     20.664 |     16.251 |     14.386 |     13.863 |     15.088
   2000000 |     53.471 |     42.623 |     38.069 |     28.139 |     27.152
